-3.492477 -8.113759 -0.7170954 3.919892 -3.154734
-2.504939 -6.901732 -1.014955 3.784862 -1.007332
-0.4283597 5.664573 1.885553 2.230938 -1.638077
0.5404486 5.304417 2.160733 1.36869 -1.603899
-2.566567 -11.29769 -1.790057 -1.46511 -0.5319699
-1.947981 -13.54129 -2.694535 -12.81935 -1.900707
-0.7045236 7.722023 1.966958 -0.7911224 -1.934992
-0.1184768 6.304095 2.074163 -2.441544 -2.02014
-2.928766 -4.476049 -1.858649 4.837151 -0.9581777
-5.928125 -5.869842 -3.025881 2.751684 -1.025453
-4.000922 0.1093935 -0.4386611 1.486289 4.675525
-2.949183 1.555056 -0.4899564 2.050385 5.008566
-6.33239 -8.038705 -0.4157401 0.6533119 -0.2346511
-6.29759 -6.021934 -0.1590517 1.830539 -0.4118784
0.1333264 4.641889 2.026419 0.9575364 -1.352322
-1.871288 5.925253 2.876187 1.297168 -2.086982
-4.292311 -6.331422 -0.05379876 3.37681 -0.00866042
-5.709463 -9.262684 -0.9373116 2.616811 -0.6258312
-4.138862 -6.311995 -0.4005238 3.531971 -0.4380759
-5.526379 -6.606577 -0.4511708 2.723273 -0.09415542
-2.360193 -7.645877 -0.8584287 -0.08561648 -1.608462
-0.7167142 -8.99621 -2.806022 -1.593034 -1.160904
0.3042182 7.305817 3.189433 1.072496 -4.121448
0.4626388 5.684665 2.296711 0.738717 -0.8389307
-3.320814 2.759393 -0.7442268 1.487486 4.454647
11.36599 20.50248 -44.18636 -0.7622199 -4.835205
0.1844734 6.140201 2.17857 0.1218986 -2.985797
1.054219 5.965064 1.551165 0.5444496 -1.08487
-2.137333 2.5711 -2.979679 1.503462 4.938141
-4.936951 1.6424 -2.229998 1.350623 5.863775
-0.3183567 6.156271 3.078811 0.6654739 -1.582967
0.1692353 5.50241 2.44463 1.631138 -1.117011
-4.691371 -5.23316 -0.8562447 1.91957 -1.513653
-3.169389 -5.175476 0.6127218 2.287757 -0.2769864
-1.123635 5.557373 1.797088 1.098471 -0.4970197
0.6573029 7.426971 3.689373 0.07994817 0.2523716
-2.797059 -5.657715 -2.338227 3.757366 -1.683883
-3.510975 -5.567155 0.256818 3.023967 -0.0415087
-0.3049849 6.182495 2.283477 -3.548764 -1.850094
3.095867 4.713615 2.446367 0.1370799 0.1591091
-0.3175423 6.312219 2.368486 0.4719309 -1.46282
0.6302256 6.357864 1.783123 1.185041 -0.9479992
-3.379299 -4.737184 0.4310212 3.187346 -0.7223286
-4.542133 -6.101484 -0.7595303 3.666174 -1.112957
1.643397 6.184261 2.212652 0.8753327 0.1720801
0.1538137 5.91926 2.042167 0.5563958 -1.585149
0.3459372 6.36309 1.532835 1.80347 -1.750429
1.095384 5.395777 2.103251 2.275542 -0.8485778
1.358352 5.281754 3.214311 1.189911 -1.130815
1.360663 7.230467 2.032507 1.782818 -1.561881
-2.985242 1.616267 -0.1970507 1.239436 3.281955
-3.141434 2.400472 0.1152077 1.017223 4.016705
-5.09198 0.4145823 -1.551724 -2.069647 5.280102
-2.729818 1.387295 0.3740104 -1.292201 3.221196
-3.181452 -7.358795 -0.280864 0.4619933 0.7727594
-5.049677 -7.301066 -0.9951329 0.0635881 0.1964227
0.9400534 5.140433 2.215881 -1.482614 -0.3804555
1.015728 4.61174 3.024851 -1.03976 -0.3554849
1.488714 4.732659 2.10983 0.05759063 -0.09187348
0.4687996 3.868592 2.249288 -0.5289399 0.7776777
1.40988 5.189482 1.059816 -2.25797 -1.079794
1.252451 6.427542 2.571327 -2.890757 -0.9343053
-3.105995 -12.62725 -2.316661 -3.908237 -2.09309
-4.08936 -7.279729 -0.9662422 -0.3409188 -1.596582
0.9798698 3.610303 1.878536 -0.5758235 0.3598947
0.5533662 4.164386 1.596758 -1.246192 0.1446289
-2.605719 1.591111 -0.206055 -0.6857696 3.46171
-2.162765 1.59385 -1.048945 -1.768847 3.321768
-2.975793 1.832086 -1.262627 1.606285 4.701238
-2.289168 2.3774 -1.663753 1.751783 4.693858
0.9398018 5.506694 3.076099 -1.799167 -1.477455
0.5399476 5.574321 3.337303 -1.204767 -0.5063176
0.08857767 5.406745 0.6720282 -2.524148 0.2980966
0.004652154 5.516953 1.936464 -2.247224 -0.3031963
-2.441317 3.070204 -6.244215 0.5166427 5.044071
-3.424107 -0.050805 -1.318677 1.673933 4.969762
-4.311464 -5.771825 -0.4615422 -2.214635 0.01280209
-4.102725 -8.321786 0.3132411 -0.6209342 -0.2912122
-2.592959 1.586778 -2.019334 -2.049776 4.150679
-3.030097 1.125961 0.3718715 -1.447244 5.068839
0.6789274 7.923245 2.230005 0.6839499 -2.111675
1.232355 6.75542 1.80206 0.8443159 -2.250427
1.244435 6.820058 2.366256 -2.405402 -1.690217
2.137172 7.240528 2.417406 -3.009856 -0.834956
-2.691253 -8.840623 -2.862955 2.252086 0.147572
-2.532601 -13.79477 0.1376241 -12.14018 -1.875263
-4.44391 -5.324338 0.07572567 2.157243 -0.2341712
-4.040092 -5.81206 -0.8634908 3.43474 -0.843223
-2.805262 -5.47459 1.066678 1.469171 0.7235201
-2.849416 -5.962325 0.6640755 2.260008 -0.2962765
0.6887422 7.122692 1.07494 -2.66722 -0.7351835
1.782373 7.922837 0.4402623 -3.024519 -1.489271
-3.944567 -6.134536 -0.7869324 -0.9344921 -0.9779603
-3.683483 -7.079461 -1.658424 0.1183793 0.1073528
-2.304602 -7.505045 -0.8865039 -1.362198 -0.866961
-2.964423 -5.413178 -0.2466926 0.02575959 -0.8005279
0.5465504 6.070036 2.250042 -3.859777 -1.135122
0.5572111 5.599743 2.131331 -2.730987 -0.9095909
-3.281605 1.323841 -0.3818638 -2.112396 3.540236
-3.132019 1.020529 -0.9191915 -2.462543 5.071471
-3.438306 -8.089159 -1.335155 3.230373 -2.362923
-4.565599 -8.637574 -0.1468859 4.240275 -2.43529
2.138785 8.492637 2.532626 1.807419 -2.258352
0.06147619 7.052013 1.652423 0.8401694 -2.505796
-3.55936 -7.124665 -0.06056162 0.945512 -0.1067773
-2.830523 -8.674966 -0.7998701 -1.565132 -0.1831698
-3.581007 -4.822089 -0.1182971 2.37963 -0.4082034
-3.99048 -4.733894 -0.5202036 2.858426 -0.230575
-3.973311 -9.242357 -2.709334 1.740995 -1.672576
-5.408133 -11.60041 -0.12783 -10.6286 -2.013706
-2.151995 1.610751 -0.9331383 -2.923853 4.557333
-3.601106 -0.1140818 -2.448004 -1.612093 5.194921
-4.198186 -5.684409 0.6637352 -2.034342 -0.1429208
-5.053559 -7.054014 -1.778301 -0.01617891 -1.159941
-3.848962 0.9117201 -0.9192548 -1.860305 3.765519
-3.879365 1.15036 -0.2330088 -2.589954 3.285457
204.6444 -7.811257 1.07667 0.6512589 1.302447
-2.000501 -9.466652 -0.5098801 0.2207126 -2.96039
0.8103161 4.981994 1.234065 2.486629 -0.8803948
1.7796 7.206077 2.058425 2.125366 -1.063294
0.5639566 6.53263 2.838766 -3.08952 -1.733747
0.3264295 6.131043 1.833545 -2.260183 -1.365829
